4294967278,40
4294967278,39
4294967278,38
4294967278,37
4294967278,36
4294967278,35
4294967278,34
4294967278,33
4294967278,62
4294967278,61
4294967278,60
4294967278,59
4294967278,58
4294967278,57
4294967278,56
4294967278,55
4294967278,54
4294967278,53
4294967278,52
4294967278,51
4294967278,378
4294967278,50
4294967278,49
4294967278,48
4294967278,47
4294967278,46
4294967278,373
4294967278,45
4294967278,44
4294967278,43
4294967278,370
4294967278,42
4294967278,41
4294967279,91
4294967279,90
4294967279,87
4294967279,86
4294967279,85
4294967279,82
4294967279,81
4294967279,79
4294967279,78
4294967279,77
4294967279,76
4294967279,75
4294967279,73
4294967279,72
4294967279,71
4294967279,69
4294967279,67
4294967279,65
4294967279,64
4294967279,61
4294967279,59
4294967279,58
4294967279,57
4294967279,55
4294967279,54
4294967279,53
4294967279,51
4294967279,50
4294967279,433
4294967279,48
4294967279,47
4294967279,45
4294967279,44
4294967279,430
4294967279,43
4294967279,42
4294967279,429
4294967279,40
4294967279,428
4294967279,39
4294967279,38
4294967279,36
4294967279,403
4294967279,35
4294967279,34
4294967279,441
4294967279,31
4294967279,30
4294967279,311
4294967279,29
4294967279,26
4294967279,24
4294967279,23
4294967279,21
4294967279,19
4294967279,17
4294967279,16
4294967279,12
4294967279,10
4294967278,332
4294967278,331
4294967278,330
4294967279,204
4294967279,203
4294967279,200
4294967279,199
4294967279,197
4294967279,196
17,11
17,0
4294967279,195
4294967279,194
4294967279,191
4294967279,189
4294967279,187
4294967279,184
4294967279,183
4294967279,182
4294967279,180
4294967279,179
4294967279,178
4294967279,176
4294967279,175
4294967279,170
4294967279,168
4294967279,167
4294967279,164
4294967279,163
4294967279,162
17,10
4294967279,159
4294967279,155
4294967279,154
4294967279,153
4294967279,152
4294967279,149
4294967279,148
4294967279,147
4294967279,146
4294967279,145
4294967279,144
4294967279,142
4294967279,141
4294967279,139
4294967279,279
4294967279,137
4294967279,136
4294967279,135
4294967279,133
4294967279,290
4294967279,283
4294967279,274
4294967279,273
4294967279,272
4294967279,271
4294967279,270
4294967279,269
4294967279,287
4294967279,267
17,9
4294967279,266
4294967279,265
4294967279,264
4294967279,263
4294967279,262
4294967279,284
4294967279,259
4294967279,258
4294967278,295
4294967278,294
4294967278,293
4294967278,292
4294967278,291
4294967278,290
4294967278,289
4294967278,288
4294967278,254
4294967278,253
4294967278,252
4294967278,250
4294967278,248
4294967278,246
4294967278,244
4294967278,242
4294967278,240
4294967278,238
4294967278,237
4294967278,236
4294967278,234
4294967278,232
4294967278,230
4294967278,228
4294967278,226
4294967278,224
4294967278,222
17,8
4294967278,220
4294967278,218
4294967278,216
4294967278,214
4294967278,213
4294967278,212
4294967278,211
4294967278,210
4294967278,209
4294967278,208
4294967278,207
4294967278,206
4294967278,205
4294967278,204
4294967278,203
4294967278,202
4294967278,201
4294967279,202
17,7
17,6
4294967278,200
4294967279,201
4294967278,199
4294967278,198
4294967278,197
4294967279,198
4294967278,196
4294967278,195
4294967278,194
4294967278,193
4294967278,192
4294967279,193
4294967278,191
4294967279,192
4294967278,190
4294967278,189
4294967279,190
4294967278,188
4294967278,187
4294967279,188
4294967278,186
4294967278,185
4294967279,186
4294967278,184
4294967279,185
4294967278,183
4294967278,182
4294967278,181
4294967278,180
4294967279,181
4294967278,179
4294967279,177
4294967279,173
4294967279,172
4294967279,171
4294967279,169
4294967279,166
4294967279,165
4294967294,430
4294967279,434
17,5
4294967279,161
4294967279,160
17,4
17,3
17,2
17,1
4294967279,158
4294967279,156
4294967294,1068
4294967294,1420
4294967279,318
4294967294,41
4294967294,392
4294967294,46
4294967294,389
4294967294,120
4294967294,114
4294967294,1245
4294967279,151
4294967294,393
4294967294,45
4294967294,44
4294967294,43
16,5
4294967294,99
4294967294,76
4294967279,150
16,4
16,3
16,2
16,1
0,7
4294967294,82
4294967294,51
4294967294,417
4294967294,53
4294967279,424
4294967294,50
4294967294,92
4294967294,90
4294967294,88
4294967294,86
4294967294,85
4294967294,1419
4294967294,83
4294967294,96
4294967294,94
4294967279,440
4294967294,8
4294967294,469
4294967294,186
4294967279,143
4294967294,441
4294967294,1072
4294967294,17
4294967294,9
4294967294,107
4294967294,67
4294967294,42
4294967294,2
