0
0
4936389.9424812
0
15030298.668704
12291929.010352
12291929.010352
12291929.010352
12291929.010352
12291929.010352
9237145.5346117
4936389.9424812
4936389.9424812
9237145.5346117
4936389.9424812
15030298.668704
8391141.8940029
6371000
4936389.9424812
4936389.9424812
4936389.9424812
8391141.8940029
9237145.5346117
12291929.010352
NAN
16463069.247203
NAN
NAN
NAN
NAN
16463069.247203
NAN
NAN
NAN
NAN
12129527.545119
NAN
14757371.76413
14891141.634675
14891141.634675
14891141.634675
12742000
14891141.634675
14891141.634675
14546173.592041
19113000
14546173.592041
NAN
17496040.269871
NAN
NAN
17496040.269871
NAN
NAN
NAN
NAN
14546173.592041
9888196.749501
8175173.5920411
9888196.749501
9888196.749501
9888196.749501
17496040.269871
9888196.749501
17496040.269871
17496040.269871
17496040.269871
9888196.749501
13585066.157422
13585066.157422
13585066.157422
13585066.157422
16643405.777167
13585066.157422
13585066.157422
13585066.157422
13585066.157422
11082014.651905
16643405.777167
16643405.777167
16643405.777167
16643405.777167
16643405.777167
NAN
NAN
13585066.157422
13585066.157422
13585066.157422
NAN
13585066.157422
NAN
13585066.157422
9000360.5092456
9000360.5092456
5071126.5657174
11082014.651905
11082014.651905
11079874.278969
5071126.5657174
9862230.3498165
9862230.3498165
6265851.0358157
6265851.0358157
9862230.3498165
10832815.316403
9862230.3498165
6265851.0358157
6265851.0358157
10832815.316403
9862230.3498165
9862230.3498165
9862230.3498165
9862230.3498165
8327158.8704383
9862230.3498165
6265851.0358157
6265851.0358157
4778063.4333771
6265851.0358157
2262686.7843957
5773131.0141618
2262686.7843957
4778063.4333771
11079874.278969
12319239.467971
12319239.467971
11079874.278969
12319239.467971
12319239.467971
12319239.467971
11079874.278969
17460727.809179
NAN
17460727.809179
17460727.809179
17460727.809179
12609434.316936
17460727.809179
17460727.809179
4566826.4079589
10231757.993745
10231757.993745
6688197.8258247
4566826.4079589
12319239.467971
10231757.993745
4566826.4079589
6688197.8258247
16463069.247203
16463069.247203
13142063.848171
NAN
NAN
9359019.0521812
NAN
16463069.247203
16643405.777167
11079874.278969
7697099.1972159
9237145.5346117
NAN
8175173.5920411
14891141.634675
NAN
14891141.634675
16643405.777167
11523501.484915
13585066.157422
16643405.777167
13585066.157422
9888196.749501
12609434.316936
NAN
11079874.278969
0
0
4936389.9424812
0
15030298.668704
12291929.010352
12291929.010352
12291929.010352
12291929.010352
12291929.010352
9237145.5346117
4936389.9424812
4936389.9424812
9237145.5346117
4936389.9424812
15030298.668704
8391141.8940029
6371000
4936389.9424812
4936389.9424812
4936389.9424812
8391141.8940029
9237145.5346117
12291929.010352
NAN
16463069.247203
NAN
NAN
NAN
NAN
16463069.247203
NAN
NAN
NAN
NAN
12129527.545119
NAN
14757371.76413
14891141.634675
14891141.634675
14891141.634675
12742000
14891141.634675
14891141.634675
14546173.592041
19113000
14546173.592041
NAN
17496040.269871
NAN
NAN
17496040.269871
NAN
NAN
NAN
NAN
14546173.592041
9888196.749501
8175173.5920411
9888196.749501
9888196.749501
9888196.749501
17496040.269871
9888196.749501
17496040.269871
17496040.269871
17496040.269871
9888196.749501
13585066.157422
13585066.157422
13585066.157422
13585066.157422
16643405.777167
13585066.157422
13585066.157422
13585066.157422
13585066.157422
11082014.651905
16643405.777167
16643405.777167
16643405.777167
16643405.777167
16643405.777167
NAN
NAN
13585066.157422
13585066.157422
13585066.157422
NAN
13585066.157422
NAN
13585066.157422
9000360.5092456
9000360.5092456
5071126.5657174
11082014.651905
11082014.651905
11079874.278969
5071126.5657174
9862230.3498165
9862230.3498165
6265851.0358157
6265851.0358157
9862230.3498165
10832815.316403
9862230.3498165
6265851.0358157
6265851.0358157
10832815.316403
9862230.3498165
9862230.3498165
9862230.3498165
9862230.3498165
8327158.8704383
9862230.3498165
6265851.0358157
6265851.0358157
4778063.4333771
6265851.0358157
2262686.7843957
5773131.0141618
2262686.7843957
4778063.4333771
11079874.278969
12319239.467971
12319239.467971
11079874.278969
12319239.467971
12319239.467971
12319239.467971
11079874.278969
17460727.809179
NAN
17460727.809179
17460727.809179
17460727.809179
12609434.316936
17460727.809179
17460727.809179
4566826.4079589
10231757.993745
10231757.993745
6688197.8258247
4566826.4079589
12319239.467971
10231757.993745
4566826.4079589
6688197.8258247
16463069.247203
16463069.247203
13142063.848171
NAN
NAN
9359019.0521812
NAN
16463069.247203
16643405.777167
11079874.278969
7697099.1972159
9237145.5346117
NAN
8175173.5920411
14891141.634675
NAN
14891141.634675
16643405.777167
11523501.484915
13585066.157422
16643405.777167
13585066.157422
9888196.749501
12609434.316936
NAN
11079874.278969
0
103762.28405562
70325.668409773
251156.06328601
258927.16172004
206133.93643405
213265.94114455
213646.67582427
205056.27466712
175442.73531372
119749.67022939
158364.29399029
162653.08863359
152582.32002423
239797.09161762
200442.38985936
159040.94060062
96928.530813393
71616.563607358
91739.859684136
158562.87943402
213590.86278458
205256.93065209
437005.90012575
481818.37997135
415748.16176591
416979.85120717
427981.31905058
365674.08528805
464559.88686519
398135.31539275
417956.17477559
429901.32514466
413039.12396578
260132.11052851
364315.50606164
272457.38337583
240544.23306729
247534.50301812
223180.48920056
234370.79348388
235986.01410003
253642.34098799
405299.21544164
359782.32078579
376280.6144702
395898.94958888
399626.07580669
358679.41611134
363419.66966513
422449.15549133
348603.98428738
347112.57932678
340436.74962103
337207.66988748
462161.18543534
559644.27387872
511039.54048253
579001.6485391
487327.85737589
519252.60740592
454811.01721874
494064.27927347
478000.3613275
450434.3737636
457478.58154054
484227.42118994
541099.50367984
517564.06258826
559167.95665748
535808.6610423
557130.04494876
545958.59617019
564474.35233894
549430.48918121
553098.60207165
638016.5314854
613283.05279041
609834.57918006
603799.95391137
586300.34262818
624446.61264275
518185.23275657
450296.48471162
504589.04130973
501644.27505457
502264.7038945
455013.66886344
501577.40478431
459070.39279526
585382.34912765
661287.1591263
693807.48986908
639922.33296796
686532.57856553
718411.33316654
762413.70692903
597377.81991406
736510.8332082
667526.80890984
722487.86259303
724252.43666035
711241.90811303
718356.58401159
701806.11651363
729085.78042864
725697.19354722
719064.02035937
656376.88587492
676524.92153187
704875.62392881
656682.09739928
725999.33261598
707719.94364697
729309.87223301
791586.07224994
918504.50565541
802631.49715149
799494.89665175
938797.9361978
811772.78253777
841149.64934959
828996.11810608
760727.39371721
744109.07390733
793521.78204339
821192.22573849
783725.30692969
797903.6370883
820290.6223032
878797.40694902
892788.94015908
899055.93232763
904945.17754049
871468.59422309
874700.09629748
883404.53108599
835584.61115569
785068.87180091
794707.82069782
752905.44643848
777540.27033399
773682.15298765
769911.30384352
772286.36957538
775132.49839673
751111.75861018
464937.23537624
439827.63457882
357514.06608393
352056.65344845
400903.75411859
417203.04385598
442330.42953133
455416.7312384
611149.30908594
871058.93224331
885215.8119818
234817.44830288
395050.71230556
546393.05860262
245507.88350234
458578.89601119
256650.3697093
589631.72003612
295961.21024769
600958.07218803
519899.92895387
495863.93342365
584083.35388427
830121.33556852
412475.0090662
858839.77011933
0
103762.28405562
70325.668409773
251156.06328601
258927.16172004
206133.93643405
213265.94114455
213646.67582427
205056.27466712
175442.73531372
119749.67022939
158364.29399029
162653.08863359
152582.32002423
239797.09161762
200442.38985936
159040.94060062
96928.530813393
71616.563607358
91739.859684136
158562.87943402
213590.86278458
205256.93065209
437005.90012575
481818.37997135
415748.16176591
416979.85120717
427981.31905058
365674.08528805
464559.88686519
398135.31539275
417956.17477559
429901.32514466
413039.12396578
260132.11052851
364315.50606164
272457.38337583
240544.23306729
247534.50301812
223180.48920056
234370.79348388
235986.01410003
253642.34098799
405299.21544164
359782.32078579
376280.6144702
395898.94958888
399626.07580669
358679.41611134
363419.66966513
422449.15549133
348603.98428738
347112.57932678
340436.74962103
337207.66988748
462161.18543534
559644.27387872
511039.54048253
579001.6485391
487327.85737589
519252.60740592
454811.01721874
494064.27927347
478000.3613275
450434.3737636
457478.58154054
484227.42118994
541099.50367984
517564.06258826
559167.95665748
535808.6610423
557130.04494876
545958.59617019
564474.35233894
549430.48918121
553098.60207165
638016.5314854
613283.05279041
609834.57918006
603799.95391137
586300.34262818
624446.61264275
518185.23275657
450296.48471162
504589.04130973
501644.27505457
502264.7038945
455013.66886344
501577.40478431
459070.39279526
585382.34912765
661287.1591263
693807.48986908
639922.33296796
686532.57856553
718411.33316654
762413.70692903
597377.81991406
736510.8332082
667526.80890984
722487.86259303
724252.43666035
711241.90811303
718356.58401159
701806.11651363
729085.78042864
725697.19354722
719064.02035937
656376.88587492
676524.92153187
704875.62392881
656682.09739928
725999.33261598
707719.94364697
729309.87223301
791586.07224994
918504.50565541
802631.49715149
799494.89665175
938797.9361978
811772.78253777
841149.64934959
828996.11810608
760727.39371721
744109.07390733
793521.78204339
821192.22573849
783725.30692969
797903.6370883
820290.6223032
878797.40694902
892788.94015908
899055.93232763
904945.17754049
871468.59422309
874700.09629748
883404.53108599
835584.61115569
785068.87180091
794707.82069782
752905.44643848
777540.27033399
773682.15298765
769911.30384352
772286.36957538
775132.49839673
751111.75861018
464937.23537624
439827.63457882
357514.06608393
352056.65344845
400903.75411859
417203.04385598
442330.42953133
455416.7312384
611149.30908594
871058.93224331
885215.8119818
234817.44830288
395050.71230556
546393.05860262
245507.88350234
458578.89601119
256650.3697093
589631.72003612
295961.21024769
600958.07218803
519899.92895387
495863.93342365
584083.35388427
830121.33556852
412475.0090662
858839.77011933
0
103762.28405562
70325.668409773
251156.06328601
258927.16172004
206133.93643405
213265.94114455
213646.67582427
205056.27466712
175442.73531372
119749.67022939
158364.29399029
162653.08863359
152582.32002423
239797.09161762
200442.38985936
159040.94060062
96928.530813393
71616.563607358
91739.859684136
158562.87943402
213590.86278458
205256.93065209
437005.90012575
481818.37997135
415748.16176591
416979.85120717
427981.31905058
365674.08528805
464559.88686519
398135.31539275
417956.17477559
429901.32514466
413039.12396578
260132.11052851
364315.50606164
272457.38337583
240544.23306729
247534.50301812
223180.48920056
234370.79348388
235986.01410003
253642.34098799
405299.21544164
359782.32078579
376280.6144702
395898.94958888
399626.07580669
358679.41611134
363419.66966513
422449.15549133
348603.98428738
347112.57932678
340436.74962103
337207.66988748
462161.18543534
559644.27387872
511039.54048253
579001.6485391
487327.85737589
519252.60740592
454811.01721874
494064.27927347
478000.3613275
450434.3737636
457478.58154054
484227.42118994
541099.50367984
517564.06258826
559167.95665748
535808.6610423
557130.04494876
545958.59617019
564474.35233894
549430.48918121
553098.60207165
638016.5314854
613283.05279041
609834.57918006
603799.95391137
586300.34262818
624446.61264275
518185.23275657
450296.48471162
504589.04130973
501644.27505457
502264.7038945
455013.66886344
501577.40478431
459070.39279526
585382.34912765
661287.1591263
693807.48986908
639922.33296796
686532.57856553
718411.33316654
762413.70692903
597377.81991406
736510.8332082
667526.80890984
722487.86259303
724252.43666035
711241.90811303
718356.58401159
701806.11651363
729085.78042864
725697.19354722
719064.02035937
656376.88587492
676524.92153187
704875.62392881
656682.09739928
725999.33261598
707719.94364697
729309.87223301
791586.07224994
918504.50565541
802631.49715149
799494.89665175
938797.9361978
811772.78253777
841149.64934959
828996.11810608
760727.39371721
744109.07390733
793521.78204339
821192.22573849
783725.30692969
797903.6370883
820290.6223032
878797.40694902
892788.94015908
899055.93232763
904945.17754049
871468.59422309
874700.09629748
883404.53108599
835584.61115569
785068.87180091
794707.82069782
752905.44643848
777540.27033399
773682.15298765
769911.30384352
772286.36957538
775132.49839673
751111.75861018
464937.23537624
439827.63457882
357514.06608393
352056.65344845
400903.75411859
417203.04385598
442330.42953133
455416.7312384
611149.30908594
871058.93224331
885215.8119818
234817.44830288
395050.71230556
546393.05860262
245507.88350234
458578.89601119
256650.3697093
589631.72003612
295961.21024769
600958.07218803
519899.92895387
495863.93342365
584083.35388427
830121.33556852
412475.0090662
858839.77011933
175442.73531372
133149.41626933
185143.52197152
226651.29855359
191695.82326266
104304.6396241
143508.493695
137309.05793174
103590.9822089
0
61935.736174736
49200.350423487
21270.924633896
41223.833794467
211528.93477129
183167.69461736
218054.53439681
250299.4784955
226404.66113243
243933.02341166
158484.80233049
72742.71318675
93538.29815652
295500.87877227
318902.53924651
281429.15463943
285935.12776664
285238.88214964
298553.95724222
307590.02600454
254957.9369353
279677.56324802
299168.40893136
295769.65998709
141218.12445275
240513.1854797
106173.98250774
213909.38439037
213141.17747164
213704.14968058
241912.19499935
216475.89337063
242347.53592586
424579.53995789
363991.03043402
378263.34014963
357043.96597741
371997.61427317
414718.5526674
407933.51993319
481198.55721143
392034.97478844
398314.4938532
392981.50086943
388720.38919554
472661.20739474
589476.81190796
522815.9582312
600984.26369255
523524.88692761
553797.22913888
508797.66716698
535793.22565089
513556.38477423
486721.62958977
502629.03891466
525680.54235166
591290.8599499
567250.7989701
626621.59619943
599563.07631601
629109.38097906
610919.06716218
624954.00691557
608982.60546644
615691.80779113
707592.6424622
685464.83922654
676766.60541048
679645.31668126
654549.08571112
700431.39221452
612497.00546384
539077.52155205
568626.39214101
558505.25541505
561726.5676964
521355.52750359
563016.91120513
523692.44163179
644706.45389215
710891.54212863
735346.25221539
673921.24556571
741998.08591324
781815.60462118
832407.1512397
626263.38685957
806255.5879616
748489.40810946
824964.73210254
825568.59778109
797081.46252878
822445.6870713
785861.35563489
827278.60070581
813647.03612565
824596.58383769
735109.86458435
758403.30859705
790619.06409051
736893.04281291
835102.99069466
792997.46689106
826211.30278819
886282.10702827
1008500.6544089
892984.9705741
896145.89531731
1031356.2250261
912746.82531078
935010.24202237
892708.00476548
825182.07013744
796640.54571745
869208.48444368
866847.59294851
836154.7613148
855516.02607018
892556.80679509
912908.10446995
940527.96829081
927731.48055078
929316.46826525
899726.530072
897287.04888572
912612.14208618
875905.32761223
790735.83163425
824579.5021234
785749.48241972
802716.89671028
772328.89398715
816949.41341785
809767.6409386
780460.76024708
775873.67695164
621529.310242
599629.32025693
529505.97978527
506524.36895571
543193.65479743
582237.63488929
580836.20670462
608132.49446754
674882.70593629
937338.32144334
961113.64163388
60662.635242811
467852.00098852
555230.65686734
211658.33379447
310078.07684148
213731.20095245
669237.45804636
120693.58757167
661969.28757261
596645.1964179
552653.53560526
616565.9012991
853330.92818945
483404.57065998
928817.53320898
427981.31905058
417350.16269656
461754.77180252
493098.72645128
442356.64839781
364938.64594825
407456.27420925
399748.51738548
364817.27144484
285238.88214964
342858.85808343
332567.13351055
306421.10480948
326282.70084269
478903.11027707
459335.16238495
503259.49307079
519819.94098886
494116.55387403
513746.05553398
441621.42216523
320528.66266455
352952.4327047
10637.15075518
98954.070728454
28262.161011317
37457.051176446
0
188651.42161233
64372.414035259
30452.549095933
16667.162535839
39567.308087007
76112.370158035
168563.94139155
76836.501830111
184393.97993481
255676.22962996
245070.00783606
278300.59941465
300999.45212174
265011.73888466
275809.09439425
391733.69924397
334241.49283928
337815.70807436
258929.04119196
285417.45303984
441919.83016255
420429.43133877
491560.99020431
409215.87917046
424482.76670602
423215.16027467
419148.70952765
408970.74004326
527962.38945353
446961.95196356
524468.42899792
487031.4316218
507463.54755692
504368.70709
505192.56793196
478576.37556327
460241.38139547
485816.05361959
497080.1502533
562464.00103078
542444.75842648
619612.79184733
591226.14327545
629140.86445199
602513.09742363
606784.59233849
592088.02338325
602578.14608285
692115.8920988
677338.30605943
661121.78229231
678462.4892287
644388.83334355
696659.07252175
652274.66518419
582931.20480764
566692.03706275
547105.77729722
553833.92727357
533392.77856046
558040.53617203
532458.61187257
621373.12263232
661831.94292005
669877.08933771
604580.79840021
698637.54525099
747092.89985997
803652.20471968
556341.98209392
779653.45403687
747251.57748952
853824.84638913
852271.55009525
799044.68032157
854460.44147764
785871.79506411
848198.17566382
817670.24786872
859058.21128092
731634.37759407
757613.35871958
793068.40584093
735722.83825499
875243.19869705
794395.64809341
844911.32911284
895930.61923278
1001036.9446185
894328.02787301
908547.06211102
1027128.0129726
931775.34716597
939462.77728078
847921.35140028
787747.46537657
742196.17655524
846851.23958853
794245.33273253
777558.59801675
803731.41018627
862341.5514007
817699.35362087
865337.03172939
822696.14850409
817347.27857576
796200.62595332
784963.95807376
809580.37145765
793792.51819247
661415.96799263
730280.94948628
700238.75914338
703065.23272689
633949.27542072
751337.66837495
729253.77901527
651663.45532819
678410.63020269
775931.16805907
763476.161438
733949.3586942
668001.3810073
676512.17787901
760868.27156258
702262.24093787
755047.34972968
654204.44107051
893362.3546167
931911.10657775
258756.08431099
503568.37142711
466789.60639058
246073.23482007
35201.585128296
232805.68250215
675829.64893813
209244.06403642
638714.20930942
610043.71447167
542395.18608347
554221.28042763
745700.68958009
512053.24001719
891796.08933746
0
103762.28405562
70325.668409773
251156.06328601
258927.16172004
206133.93643405
213265.94114455
213646.67582427
205056.27466712
175442.73531372
119749.67022939
158364.29399029
162653.08863359
152582.32002423
239797.09161762
200442.38985936
159040.94060062
96928.530813393
71616.563607358
91739.859684136
158562.87943402
213590.86278458
205256.93065209
437005.90012575
481818.37997135
415748.16176591
416979.85120717
427981.31905058
365674.08528805
464559.88686519
398135.31539275
417956.17477559
429901.32514466
413039.12396578
260132.11052851
364315.50606164
272457.38337583
240544.23306729
247534.50301812
223180.48920056
234370.79348388
235986.01410003
253642.34098799
405299.21544164
359782.32078579
376280.6144702
395898.94958888
399626.07580669
358679.41611134
363419.66966513
422449.15549133
348603.98428738
347112.57932678
340436.74962103
337207.66988748
462161.18543534
559644.27387872
511039.54048253
579001.6485391
487327.85737589
519252.60740592
454811.01721874
494064.27927347
478000.3613275
450434.3737636
457478.58154054
484227.42118994
541099.50367984
517564.06258826
559167.95665748
535808.6610423
557130.04494876
545958.59617019
564474.35233894
549430.48918121
553098.60207165
638016.5314854
613283.05279041
609834.57918006
603799.95391137
586300.34262818
624446.61264275
518185.23275657
450296.48471162
504589.04130973
501644.27505457
502264.7038945
455013.66886344
501577.40478431
459070.39279526
585382.34912765
661287.1591263
693807.48986908
639922.33296796
686532.57856553
718411.33316654
762413.70692903
597377.81991406
736510.8332082
667526.80890984
722487.86259303
724252.43666035
711241.90811303
718356.58401159
701806.11651363
729085.78042864
725697.19354722
719064.02035937
656376.88587492
676524.92153187
704875.62392881
656682.09739928
725999.33261598
707719.94364697
729309.87223301
791586.07224994
918504.50565541
802631.49715149
799494.89665175
938797.9361978
811772.78253777
841149.64934959
828996.11810608
760727.39371721
744109.07390733
793521.78204339
821192.22573849
783725.30692969
797903.6370883
820290.6223032
878797.40694902
892788.94015908
899055.93232763
904945.17754049
871468.59422309
874700.09629748
883404.53108599
835584.61115569
785068.87180091
794707.82069782
752905.44643848
777540.27033399
773682.15298765
769911.30384352
772286.36957538
775132.49839673
751111.75861018
464937.23537624
439827.63457882
357514.06608393
352056.65344845
400903.75411859
417203.04385598
442330.42953133
455416.7312384
611149.30908594
871058.93224331
885215.8119818
234817.44830288
395050.71230556
546393.05860262
245507.88350234
458578.89601119
256650.3697093
589631.72003612
295961.21024769
600958.07218803
519899.92895387
495863.93342365
584083.35388427
830121.33556852
412475.0090662
858839.77011933
206133.93643405
112916.76313349
176992.35209227
128904.99034194
87493.090934645
0
42775.492285223
35338.40671748
1092.2155638752
104304.6396241
101691.47096517
65995.39743816
89374.95185879
77897.846921353
114328.37185594
96718.712946622
162360.30568262
243901.47976036
226603.34709057
237990.65677282
94198.825077385
44414.336965121
12130.639335049
375555.79705934
376092.5149396
366721.66906393
372815.28312187
364938.64594825
401928.72931632
373196.72331026
336060.05536664
362675.57815127
385625.6997035
388466.46013762
241385.63003001
333001.50076269
181306.47418674
316385.73063863
316335.73599513
313963.7651245
340587.40820853
318215.11640184
343848.04227007
525220.80540579
465867.66940926
480546.23764142
461343.8206689
476202.49933707
508245.67186073
503926.73780279
575046.36896424
487984.44676255
492680.22820749
486939.22691698
482835.07529983
574823.23598043
689894.27532789
625148.13234127
702538.72172054
622460.58210577
653245.6305397
604066.73733484
633836.74326722
612518.11127472
585307.90939302
599705.59868516
623688.88945499
688104.08378444
663984.85148674
719682.02809424
693356.86110789
720983.03752081
704499.11687971
719728.99500571
703861.26774241
709893.13257298
800615.69018294
777659.56827986
770294.75599659
770780.21846955
747596.39191218
791652.86564057
697226.15875651
625041.801959
662092.86149777
653601.78537465
656245.98309001
613772.71713212
657073.94237982
616576.9321221
739885.21752481
808534.6702656
834596.45498435
774138.88835767
838574.6301634
876762.49919042
925910.70580061
727015.18517379
899716.7280017
838508.47910934
907837.507354
908902.97472228
885808.92971331
904659.03709421
875106.60248826
911822.40352494
901757.98945381
906226.12387261
825726.82306412
848193.13827542
879347.85155014
827078.53778662
915259.14100553
881887.0344777
911234.03633304
972346.66065574
1096602.5952245
980600.54307055
981530.02838092
1118632.7886999
996539.43703683
1021542.2673987
988003.71158874
920055.23758483
894064.89579296
961303.96874899
965832.9116062
933744.98509548
952081.20979615
985679.79715173
1013874.3986911
1039338.508772
1029456.0594589
1031554.1825723
1001446.1044756
999662.16763662
1014238.8729772
975831.23074224
894374.31523599
925912.89545625
886558.79706399
904588.45893531
876319.15487654
915520.67058783
909954.0236899
884105.29150391
877723.61575955
671052.4943979
645901.93449821
558227.50784501
557862.81556906
603958.05009162
622360.56155365
644288.4485124
661181.80686714
769199.40155052
1032151.942557
1053456.6425848
106209.10007197
557854.11823729
658013.37129036
314773.1001869
383979.2927363
317541.66908116
759204.26450433
163195.19952182
756862.25540764
686918.950557
647714.5673605
716733.86869347
955549.71801843
574141.09955355
1022666.6367859
96928.530813393
132051.52328669
68223.107736326
236561.88660655
266149.64611353
243901.47976036
233362.52819629
236944.80825097
242979.05102492
250299.4784955
188583.97616083
218325.09718084
232816.29286929
217170.85565681
230060.82931972
196280.24311042
122190.48065882
0
25880.755861511
6373.433456734
162998.51605597
266755.94475842
247747.61965884
529186.53313559
567010.24942769
509165.44126052
510942.31864109
519819.94098886
462261.45821
552390.77196031
489627.59686669
510661.17213572
524004.69465163
508668.36084254
353603.30806571
458841.02742879
354451.48074247
336238.30564491
343621.88564974
317831.14411988
326236.28907347
331203.34290666
347403.379075
487535.22163107
447236.90661882
463729.74113408
489885.74676364
492026.82288342
430542.66344444
439327.12660892
490357.30921678
425575.65940344
421400.74732191
414573.54346567
411896.55049117
545250.48336431
634578.67369213
592683.25125458
656187.53705179
561777.03113875
593456.12800151
523493.55682871
566316.07373976
552934.86297212
525931.31710639
529546.57790196
556861.34440339
608776.53547101
586068.61125815
618710.65094359
597723.97221856
614518.67794073
607034.65136535
627124.02087007
612883.04010952
615079.02263747
694653.24386458
669165.31083749
668384.7018958
658031.3961948
644769.24089174
678123.57512599
564522.25387702
502383.24024905
567291.07624282
567614.6579499
567088.01667294
518335.71154893
565546.2605144
523026.84879849
648044.25236124
726621.54935413
761907.9210136
711825.31929357
748866.88165783
776528.22132866
816573.90051291
671890.21688107
791213.01603389
717615.42084061
758559.07687204
761053.25351363
757747.99755907
753433.25776369
749502.11825795
767811.0597629
770719.9380323
753153.90072564
707904.09853636
725927.7857835
751556.03906082
707405.74501196
757494.07874915
754612.48571399
768847.7448084
831448.23752741
959504.03550606
844964.74097305
838013.86934102
978011.28687497
847331.83628071
880795.04155896
885321.42047474
817658.66841479
806808.90414234
844255.6603857
885819.26336457
845900.88369915
857537.62160092
872436.92212497
947487.80493822
955705.93035183
969637.80763472
977069.73746909
942472.41454372
947747.72900882
953934.82312639
902258.6893887
864580.93840101
865933.90045003
823532.99308405
850683.32252386
855369.58876389
834616.39499413
840870.24011848
854846.00583367
824722.09120397
458067.30899432
429151.50395557
324378.36211393
353732.56349688
414440.70009614
398416.71918857
457738.31513751
454167.31764091
671192.37037384
925590.9971222
934605.60051336
304081.13176746
457884.15345448
628179.1653911
341599.0699661
549176.68814272
353068.3746559
642232.49125922
368934.75786564
662493.79194704
575961.62893281
562039.9196494
657582.0751443
903386.62742332
475389.96852415
911656.3731479
0
103762.28405562
70325.668409773
251156.06328601
258927.16172004
206133.93643405
213265.94114455
213646.67582427
205056.27466712
175442.73531372
119749.67022939
158364.29399029
162653.08863359
152582.32002423
239797.09161762
200442.38985936
159040.94060062
96928.530813393
71616.563607358
91739.859684136
158562.87943402
213590.86278458
205256.93065209
437005.90012575
481818.37997135
415748.16176591
416979.85120717
427981.31905058
365674.08528805
464559.88686519
398135.31539275
417956.17477559
429901.32514466
413039.12396578
260132.11052851
364315.50606164
272457.38337583
240544.23306729
247534.50301812
223180.48920056
234370.79348388
235986.01410003
253642.34098799
405299.21544164
359782.32078579
376280.6144702
395898.94958888
399626.07580669
358679.41611134
363419.66966513
422449.15549133
348603.98428738
347112.57932678
340436.74962103
337207.66988748
462161.18543534
559644.27387872
511039.54048253
579001.6485391
487327.85737589
519252.60740592
454811.01721874
494064.27927347
478000.3613275
450434.3737636
457478.58154054
484227.42118994
541099.50367984
517564.06258826
559167.95665748
535808.6610423
557130.04494876
545958.59617019
564474.35233894
549430.48918121
553098.60207165
638016.5314854
613283.05279041
609834.57918006
603799.95391137
586300.34262818
624446.61264275
518185.23275657
450296.48471162
504589.04130973
501644.27505457
502264.7038945
455013.66886344
501577.40478431
459070.39279526
585382.34912765
661287.1591263
693807.48986908
639922.33296796
686532.57856553
718411.33316654
762413.70692903
597377.81991406
736510.8332082
667526.80890984
722487.86259303
724252.43666035
711241.90811303
718356.58401159
701806.11651363
729085.78042864
725697.19354722
719064.02035937
656376.88587492
676524.92153187
704875.62392881
656682.09739928
725999.33261598
707719.94364697
729309.87223301
791586.07224994
918504.50565541
802631.49715149
799494.89665175
938797.9361978
811772.78253777
841149.64934959
828996.11810608
760727.39371721
744109.07390733
793521.78204339
821192.22573849
783725.30692969
797903.6370883
820290.6223032
878797.40694902
892788.94015908
899055.93232763
904945.17754049
871468.59422309
874700.09629748
883404.53108599
835584.61115569
785068.87180091
794707.82069782
752905.44643848
777540.27033399
773682.15298765
769911.30384352
772286.36957538
775132.49839673
751111.75861018
464937.23537624
439827.63457882
357514.06608393
352056.65344845
400903.75411859
417203.04385598
442330.42953133
455416.7312384
611149.30908594
871058.93224331
885215.8119818
234817.44830288
395050.71230556
546393.05860262
245507.88350234
458578.89601119
256650.3697093
589631.72003612
295961.21024769
600958.07218803
519899.92895387
495863.93342365
584083.35388427
830121.33556852
412475.0090662
858839.77011933
239797.09161762
138625.75004883
180584.20395
15137.632125162
51765.703982123
114328.37185594
71573.664866758
79196.141626285
114554.92934009
211528.93477129
183026.80252659
164226.41450395
192591.20383089
175199.78501942
0
39529.902273728
110725.05140725
230060.82931972
224079.63286344
225965.70114204
81664.811928484
158567.91726407
126438.97450931
489531.77027791
484835.66185768
481041.16250464
487140.89523892
478903.11027707
509295.64761936
484465.49168006
450214.64509553
476911.89365857
499953.97982196
502342.33181555
352288.97840828
446819.95110678
295610.57497825
412395.65395636
414149.74791288
405717.57943814
428941.9000869
412600.29902521
437168.10943679
613818.60740929
558028.92341796
573564.62504219
564189.80147401
576747.38124039
584398.6189483
584123.09606796
650510.10703753
568404.80527809
570459.98037356
564201.53594514
560428.55656232
666613.42101501
776438.94505621
717031.47882411
791778.77246549
706408.33979219
737956.00172959
681466.70265349
715903.33047943
696621.84771673
668970.41131793
680350.89081186
705797.17733347
767279.11746783
743261.07062087
791927.03642089
767131.06838554
791256.20035024
777785.96395909
794906.38586891
779385.3209315
784178.35206299
871985.52653543
847853.62133475
842811.1957248
839304.25577613
819521.34022923
860104.0859868
756934.78185505
687726.28585973
735694.66760496
730071.21264836
731691.37390851
686337.79078236
731725.82128676
689847.91893085
815577.61582201
888302.7788172
917553.85635388
859645.69578919
916043.69158004
950912.3964522
997126.2186285
814086.34463132
971041.37211831
904557.09729365
962264.9207648
964000.15562924
949362.96970589
958152.73340896
939580.14630024
968692.15012757
964197.50269862
958855.51936736
892862.73405361
913782.9864913
942961.27897309
893503.32303595
965676.64871431
945733.29530348
968829.80800462
1031007.6800548
1157619.5988556
1041620.7345791
1039071.687651
1178191.3318475
1051546.6576285
1080557.3589965
1062101.9642951
993776.68612609
972840.75995034
1029826.9744218
1047519.8122549
1012631.5496844
1028816.9933902
1055834.4301173
1100101.2814648
1120318.4643299
1117704.9152832
1121330.8540061
1089770.3693068
1089965.7347005
1102257.3341381
1059623.5907636
989754.83379211
1013441.4247295
972894.77510406
993694.08485595
973689.63639693
996554.82866379
994656.46301338
979543.11544662
966874.47324644
686574.42730464
658314.80189091
553719.32676112
578979.17426196
634663.50630602
628406.38178304
677163.75546547
681114.52188387
843092.4800691
1105107.7515276
1121840.4358837
220392.34143801
627680.76677025
751053.57001546
412396.65008486
497026.75893655
417334.50580921
825983.30286877
274099.78860636
831886.14972481
755067.15763048
724193.67343579
802509.96810611
1045503.436073
644758.698258
1093902.0678508
247534.50301812
294595.0738595
307326.97722811
429057.85913318
402655.6274037
316335.73599513
352319.7772548
347095.10280212
315526.39504466
213141.17747164
231644.081096
253013.84373632
227047.86634583
241221.83428582
414149.74791288
379509.35185589
381796.32469368
343621.88564974
318922.74878961
338822.57833121
343866.85277249
284980.77465725
306199.62343609
250209.3647358
332747.2228905
221836.8785767
218022.90310487
245070.00783606
119558.99805414
302987.75820201
222944.54757709
229733.23180891
228060.89207299
197276.57471497
118532.66262596
168257.97363701
205317.30350837
10785.962370873
0
34565.820528135
56739.594336345
20057.997676465
36931.043830338
214402.1762981
151994.63810461
165603.71428039
153024.98103424
162925.13130144
224396.0492004
210454.4701817
286652.09713151
195547.16941014
206456.31369147
202820.3236364
198372.79052048
259930.79505226
378673.89666287
309895.76433959
388673.27331043
315775.63200304
344801.5115368
309701.00888631
329754.81700322
305859.34701903
280166.93660932
299275.75727473
319847.41297596
387168.33507753
363611.21428476
430204.95156261
401980.92108723
435357.52486059
413611.93318591
424750.73763977
408793.9965514
416899.66597168
510005.30965581
489977.32127607
478518.08265188
486598.67581796
457680.65766851
506837.83772514
436439.58494256
363071.47543201
372462.16873173
358706.87736957
363215.13004941
329140.43075288
365572.1066746
330197.69023428
443367.34988809
504141.81207244
525808.94016375
463140.61382872
536993.63769724
579596.43256675
632573.87279785
414872.86079623
606722.31299988
556757.88920981
647543.49452898
647121.64278403
607405.46729994
646527.4738751
595240.64942953
646156.75138234
625048.55930562
649926.30194866
542288.59049743
567016.7020735
601034.11574776
544979.91956083
663479.00709556
603034.02889403
644066.01317752
701012.58930275
817794.70106279
704400.58667274
712174.8859128
842086.55700325
731902.71005271
748175.35798395
689151.98616409
622792.25596838
589831.69937762
671818.80793512
657344.16885898
628904.75294969
649912.82123051
693005.95858914
700875.45588276
731117.82991564
715035.38505985
716316.99002063
687044.13408659
684235.06211837
699994.10901277
665102.98573775
578082.09676815
612257.87227366
574006.12601006
589963.67146814
560523.10854063
608198.03529862
598739.15013228
567817.14376368
563148.16933362
530942.79185319
518461.86934632
495389.78306994
423155.3316151
432459.56790388
516843.12211651
460057.44091172
510337.74639876
474982.01148794
734417.75736165
762579.44910747
245208.21184904
284675.41746641
342101.06580189
2027.0639256495
280267.61455458
12678.663111539
479032.038298
258278.41881034
461017.22425092
407465.97723255
353055.44125402
406040.29990226
640353.20202059
297295.26386841
727683.05114069
517564.06258826
606776.39710552
587740.72696372
756872.04082359
744778.01495658
663984.85148674
693265.206315
689678.10585418
663027.51957513
567250.7989701
566233.14598783
598006.19810591
576579.25192407
586087.00523152
743261.07062087
704556.84099516
676566.20568276
586068.61125815
570461.21978136
584556.21180368
663456.32267123
639893.90997837
655628.12957004
541517.7555976
641390.85688101
514184.15542351
505312.64662405
542444.75842648
354884.38832868
606649.07091092
534988.04588694
526098.80970732
507480.48922618
467788.885655
478248.71079379
479149.26332353
567729.01832442
359321.1914327
363611.21428476
354534.77799977
325443.73123309
354478.32352908
328934.74745635
154305.70490774
217595.24234466
209113.81509191
283775.16111358
257198.72298834
159334.96175099
160101.40853832
95738.066975086
176032.67523144
172802.98532729
179074.75555659
182832.92332668
137085.70204538
72462.384299228
118898.53406867
103041.57698474
55877.555447323
48241.882252626
62815.924018425
37269.609942828
63887.206666699
84747.795084045
64691.216859175
45660.778628658
24124.834699505
0
79360.354445507
53420.454768674
92209.484777364
63060.345767179
64374.856137043
49796.144819114
60862.526696527
150345.56338432
134978.38710377
118975.04782975
137438.25072302
102171.16607591
154592.92350528
155980.78786594
134359.87414975
46902.057044917
26134.534758482
33137.616551042
75395.09073518
39215.724026624
69447.868654522
80608.440890725
145075.56970848
176341.80472844
128045.41769419
174760.44187862
215986.30498298
269427.32423547
99097.013593261
243828.75751754
204961.46655651
317932.44323097
315436.9210892
256707.17195493
320142.20378288
243474.71517656
309175.44126244
275393.19686497
325862.06702676
189268.35446604
215293.46706905
250800.83869316
193535.60813692
344572.54177544
252042.0984303
305226.69312368
353727.38229618
460633.53890957
351956.68323802
366563.66226124
486174.98683318
390671.47781404
397050.61293569
325955.60369746
259208.42378363
230183.30079188
309926.04460725
304428.35670788
269932.12412222
288299.06125578
329805.47027207
361755.30438563
377057.62955144
383589.31712781
391556.45944375
356522.25614363
363057.61338337
367885.63047731
318028.04365644
298040.50274845
280186.80493908
237616.49934917
266764.91931372
300313.94194415
253342.792454
255102.03987585
289749.75774724
241824.61010251
427937.95668144
439379.58497327
511376.74120916
385720.13014061
333054.81614964
468810.88033205
322549.94442673
400560.22996068
113186.37785917
371016.84119069
399620.83747252
607153.04303673
131450.65305964
129181.70142722
364492.35528913
572462.21339846
368265.57360316
138422.83408711
621053.33538479
98348.884463528
92174.558927658
29131.569387077
82046.157326462
319188.45247246
114888.81297926
364084.54815747
458578.89601119
443016.26388782
489706.86091074
510873.89677434
458146.05787623
383979.2927363
426022.69738409
418224.59982451
383944.06006099
310078.07684148
369224.83767474
356183.15004792
331032.12964197
350687.57500936
497026.75893655
479614.05862889
527394.69798421
549176.68814272
523603.2450772
543036.03383169
464247.0752303
339674.3897188
372181.35524545
31837.391486892
71420.135460511
61056.289142159
68338.499116199
35201.585128296
220484.69396769
37200.413535478
61353.821923025
51086.456167449
64993.557489074
104689.78778668
200644.77012901
112037.80483998
206209.15075141
290868.96756485
280267.61455458
313459.08779059
336195.28115653
300203.96554839
310949.32898186
423049.85614774
366696.80072926
369608.75731448
288690.4643159
315273.48228439
475535.74756123
453672.86753882
524047.03375806
442755.93686428
458209.58524538
457092.25775939
453066.15159353
437852.35338499
555365.18247542
474202.42441496
550585.79160863
516830.51144824
536313.85143524
535980.57044259
535192.85201787
508578.7727223
491018.84251242
516899.0907653
527301.34947777
592024.77850755
572462.21339846
650154.77923649
621889.70911467
660045.75407466
633089.42145056
636703.57097026
622203.70425294
632857.98582382
721639.77508025
707438.24119672
690828.38440217
708993.15098323
674565.25766305
726924.71375981
685094.79461478
616255.03065194
597921.13468303
577934.70953763
584817.04572097
565623.1353851
589161.25998777
564531.87074232
650832.41149149
689036.66368629
695599.18065666
630506.26073734
726046.5785859
774885.84620885
831602.90195133
582697.91644506
807889.64414889
777411.80435209
885325.72996594
883659.69770546
829169.02124253
886128.46643815
815929.64029233
879275.61586581
847846.49500669
890840.41874671
761730.55366473
787751.62694801
823249.64585241
765944.94770106
907267.86601915
824504.28992809
875872.5094192
926166.82266932
1029784.2074266
924035.75972552
938912.28233446
1056026.0087083
962469.94122416
969220.54742028
874363.89619984
815100.22414369
768392.97857093
875083.09940725
818458.84096532
803174.22614333
829800.41230872
889903.26560526
839456.40004672
888909.14916679
843329.82546379
837208.09553535
817165.92922884
804984.59702007
830519.49764666
817066.7778119
680287.6504362
752701.66987034
723798.56174482
725107.71563934
651888.88159065
776474.72950947
753106.51394544
670690.0691643
700887.64135004
811132.28203137
798658.67807442
768445.43381934
703160.95882638
711659.79159154
795926.83866511
737269.67283138
790235.23587164
683613.84083274
919664.59140509
959264.86200574
278473.3260117
537042.70626062
492554.25528361
281266.49453923
0
268007.16303947
706840.51408531
223900.98267919
668052.33407145
641818.06052501
573333.26764413
581265.74511178
766532.55308415
545191.95550706
918684.36229677
458578.89601119
443016.26388782
489706.86091074
510873.89677434
458146.05787623
383979.2927363
426022.69738409
418224.59982451
383944.06006099
310078.07684148
369224.83767474
356183.15004792
331032.12964197
350687.57500936
497026.75893655
479614.05862889
527394.69798421
549176.68814272
523603.2450772
543036.03383169
464247.0752303
339674.3897188
372181.35524545
31837.391486892
71420.135460511
61056.289142159
68338.499116199
35201.585128296
220484.69396769
37200.413535478
61353.821923025
51086.456167449
64993.557489074
104689.78778668
200644.77012901
112037.80483998
206209.15075141
290868.96756485
280267.61455458
313459.08779059
336195.28115653
300203.96554839
310949.32898186
423049.85614774
366696.80072926
369608.75731448
288690.4643159
315273.48228439
475535.74756123
453672.86753882
524047.03375806
442755.93686428
458209.58524538
457092.25775939
453066.15159353
437852.35338499
555365.18247542
474202.42441496
550585.79160863
516830.51144824
536313.85143524
535980.57044259
535192.85201787
508578.7727223
491018.84251242
516899.0907653
527301.34947777
592024.77850755
572462.21339846
650154.77923649
621889.70911467
660045.75407466
633089.42145056
636703.57097026
622203.70425294
632857.98582382
721639.77508025
707438.24119672
690828.38440217
708993.15098323
674565.25766305
726924.71375981
685094.79461478
616255.03065194
597921.13468303
577934.70953763
584817.04572097
565623.1353851
589161.25998777
564531.87074232
650832.41149149
689036.66368629
695599.18065666
630506.26073734
726046.5785859
774885.84620885
831602.90195133
582697.91644506
807889.64414889
777411.80435209
885325.72996594
883659.69770546
829169.02124253
886128.46643815
815929.64029233
879275.61586581
847846.49500669
890840.41874671
761730.55366473
787751.62694801
823249.64585241
765944.94770106
907267.86601915
824504.28992809
875872.5094192
926166.82266932
1029784.2074266
924035.75972552
938912.28233446
1056026.0087083
962469.94122416
969220.54742028
874363.89619984
815100.22414369
768392.97857093
875083.09940725
818458.84096532
803174.22614333
829800.41230872
889903.26560526
839456.40004672
888909.14916679
843329.82546379
837208.09553535
817165.92922884
804984.59702007
830519.49764666
817066.7778119
680287.6504362
752701.66987034
723798.56174482
725107.71563934
651888.88159065
776474.72950947
753106.51394544
670690.0691643
700887.64135004
811132.28203137
798658.67807442
768445.43381934
703160.95882638
711659.79159154
795926.83866511
737269.67283138
790235.23587164
683613.84083274
919664.59140509
959264.86200574
278473.3260117
537042.70626062
492554.25528361
281266.49453923
0
268007.16303947
706840.51408531
223900.98267919
668052.33407145
641818.06052501
573333.26764413
581265.74511178
766532.55308415
545191.95550706
918684.36229677
458578.89601119
443016.26388782
489706.86091074
510873.89677434
458146.05787623
383979.2927363
426022.69738409
418224.59982451
383944.06006099
310078.07684148
369224.83767474
356183.15004792
331032.12964197
350687.57500936
497026.75893655
479614.05862889
527394.69798421
549176.68814272
523603.2450772
543036.03383169
464247.0752303
339674.3897188
372181.35524545
31837.391486892
71420.135460511
61056.289142159
68338.499116199
35201.585128296
220484.69396769
37200.413535478
61353.821923025
51086.456167449
64993.557489074
104689.78778668
200644.77012901
112037.80483998
206209.15075141
290868.96756485
280267.61455458
313459.08779059
336195.28115653
300203.96554839
310949.32898186
423049.85614774
366696.80072926
369608.75731448
288690.4643159
315273.48228439
475535.74756123
453672.86753882
524047.03375806
442755.93686428
458209.58524538
457092.25775939
453066.15159353
437852.35338499
555365.18247542
474202.42441496
550585.79160863
516830.51144824
536313.85143524
535980.57044259
535192.85201787
508578.7727223
491018.84251242
516899.0907653
527301.34947777
592024.77850755
572462.21339846
650154.77923649
621889.70911467
660045.75407466
633089.42145056
636703.57097026
622203.70425294
632857.98582382
721639.77508025
707438.24119672
690828.38440217
708993.15098323
674565.25766305
726924.71375981
685094.79461478
616255.03065194
597921.13468303
577934.70953763
584817.04572097
565623.1353851
589161.25998777
564531.87074232
650832.41149149
689036.66368629
695599.18065666
630506.26073734
726046.5785859
774885.84620885
831602.90195133
582697.91644506
807889.64414889
777411.80435209
885325.72996594
883659.69770546
829169.02124253
886128.46643815
815929.64029233
879275.61586581
847846.49500669
890840.41874671
761730.55366473
787751.62694801
823249.64585241
765944.94770106
907267.86601915
824504.28992809
875872.5094192
926166.82266932
1029784.2074266
924035.75972552
938912.28233446
1056026.0087083
962469.94122416
969220.54742028
874363.89619984
815100.22414369
768392.97857093
875083.09940725
818458.84096532
803174.22614333
829800.41230872
889903.26560526
839456.40004672
888909.14916679
843329.82546379
837208.09553535
817165.92922884
804984.59702007
830519.49764666
817066.7778119
680287.6504362
752701.66987034
723798.56174482
725107.71563934
651888.88159065
776474.72950947
753106.51394544
670690.0691643
700887.64135004
811132.28203137
798658.67807442
768445.43381934
703160.95882638
711659.79159154
795926.83866511
737269.67283138
790235.23587164
683613.84083274
919664.59140509
959264.86200574
278473.3260117
537042.70626062
492554.25528361
281266.49453923
0
268007.16303947
706840.51408531
223900.98267919
668052.33407145
641818.06052501
573333.26764413
581265.74511178
766532.55308415
545191.95550706
918684.36229677
458578.89601119
443016.26388782
489706.86091074
510873.89677434
458146.05787623
383979.2927363
426022.69738409
418224.59982451
383944.06006099
310078.07684148
369224.83767474
356183.15004792
331032.12964197
350687.57500936
497026.75893655
479614.05862889
527394.69798421
549176.68814272
523603.2450772
543036.03383169
464247.0752303
339674.3897188
372181.35524545
31837.391486892
71420.135460511
61056.289142159
68338.499116199
35201.585128296
220484.69396769
37200.413535478
61353.821923025
51086.456167449
64993.557489074
104689.78778668
200644.77012901
112037.80483998
206209.15075141
290868.96756485
280267.61455458
313459.08779059
336195.28115653
300203.96554839
310949.32898186
423049.85614774
366696.80072926
369608.75731448
288690.4643159
315273.48228439
475535.74756123
453672.86753882
524047.03375806
442755.93686428
458209.58524538
457092.25775939
453066.15159353
437852.35338499
555365.18247542
474202.42441496
550585.79160863
516830.51144824
536313.85143524
535980.57044259
535192.85201787
508578.7727223
491018.84251242
516899.0907653
527301.34947777
592024.77850755
572462.21339846
650154.77923649
621889.70911467
660045.75407466
633089.42145056
636703.57097026
622203.70425294
632857.98582382
721639.77508025
707438.24119672
690828.38440217
708993.15098323
674565.25766305
726924.71375981
685094.79461478
616255.03065194
597921.13468303
577934.70953763
584817.04572097
565623.1353851
589161.25998777
564531.87074232
650832.41149149
689036.66368629
695599.18065666
630506.26073734
726046.5785859
774885.84620885
831602.90195133
582697.91644506
807889.64414889
777411.80435209
885325.72996594
883659.69770546
829169.02124253
886128.46643815
815929.64029233
879275.61586581
847846.49500669
890840.41874671
761730.55366473
787751.62694801
823249.64585241
765944.94770106
907267.86601915
824504.28992809
875872.5094192
926166.82266932
1029784.2074266
924035.75972552
938912.28233446
1056026.0087083
962469.94122416
969220.54742028
874363.89619984
815100.22414369
768392.97857093
875083.09940725
818458.84096532
803174.22614333
829800.41230872
889903.26560526
839456.40004672
888909.14916679
843329.82546379
837208.09553535
817165.92922884
804984.59702007
830519.49764666
817066.7778119
680287.6504362
752701.66987034
723798.56174482
725107.71563934
651888.88159065
776474.72950947
753106.51394544
670690.0691643
700887.64135004
811132.28203137
798658.67807442
768445.43381934
703160.95882638
711659.79159154
795926.83866511
737269.67283138
790235.23587164
683613.84083274
919664.59140509
959264.86200574
278473.3260117
537042.70626062
492554.25528361
281266.49453923
0
268007.16303947
706840.51408531
223900.98267919
668052.33407145
641818.06052501
573333.26764413
581265.74511178
766532.55308415
545191.95550706
918684.36229677
830121.33556852
912888.10574858
900418.62491954
1059783.7118994
1040452.3589222
955549.71801843
989268.86703086
984699.31842268
954690.82372893
853330.92818945
863733.52068004
890763.26668234
866225.65706201
878785.61826461
1045503.436073
1008006.7862067
988132.42428874
903386.62742332
886681.9108998
901570.10973208
968287.47594675
925333.83663269
945851.29379643
740781.64566388
837593.56539294
719756.33518752
709596.47321908
745700.68958009
584533.69158764
803714.48973176
749815.30704524
731850.23266364
706266.30278067
671416.0613521
739602.18654505
703873.21864798
828865.56597318
639460.10810012
640353.20202059
641958.54434579
616953.47052217
637344.86063737
611708.93983655
431729.99698018
489683.06507809
475105.03563123
511219.50136654
489930.92529312
473033.41598961
466701.93926939
414029.73273203
481608.97558078
483310.84496395
490060.78968991
493121.71393641
380746.9453686
270577.52213317
330515.8132442
253731.17382373
342809.76729147
310892.14467749
380768.20677269
337112.08039097
352123.30684317
379721.01409774
373892.09878911
346666.96062936
298067.2160916
319188.45247246
310949.36439511
321439.91954487
322776.800378
315702.99017927
292846.91159312
303337.20445513
305707.45120046
266929.46610148
288613.26885248
275236.17303119
305251.56125712
293988.99381038
295300.63571698
406855.389928
432562.03810432
347231.47066125
340560.177901
343030.26417106
392006.64437101
346136.85355834
386519.13717082
274285.90987275
195261.8524329
152088.39580506
191733.12419476
194259.62366656
208826.08246874
230424.869812
232793.40636147
232179.40222685
297831.18449286
396982.63315426
390821.71162508
311597.27014593
405442.36132297
304213.62892451
374344.08612309
321122.60671865
413407.65768185
292272.82773526
299327.55614137
311806.93214053
298088.11542341
434116.83556316
309254.76463742
367471.94249363
363470.08938345
381853.75821744
341452.21905662
376332.24142122
407209.91471736
404607.93406112
372082.39003946
203187.74937959
203837.40757395
155062.58362876
260438.63063313
109669.03310779
144019.28837437
168303.24521068
246564.16061166
77014.935720003
145924.67330997
77106.207547343
76004.466273566
50707.965003038
44601.668062208
64012.789329294
85084.766047656
97829.697017337
45174.458418293
85417.673607786
52704.754499211
132343.73804861
122964.70234971
84354.789360586
104618.16640477
79022.987365503
695815.3715888
715774.25856853
810641.69476588
684091.79325117
620413.27383721
752964.80984883
596397.31405103
670297.36274443
265797.84379438
229616.45496503
287202.79116946
882669.74759746
450456.66655208
298625.14600795
641778.40664172
766532.55308415
640837.11103473
324627.06366713
881172.1311574
266247.54316894
359210.7150836
345625.60806717
246167.04346684
0
433571.05028084
244865.21075026
830121.33556852
912888.10574858
900418.62491954
1059783.7118994
1040452.3589222
955549.71801843
989268.86703086
984699.31842268
954690.82372893
853330.92818945
863733.52068004
890763.26668234
866225.65706201
878785.61826461
1045503.436073
1008006.7862067
988132.42428874
903386.62742332
886681.9108998
901570.10973208
968287.47594675
925333.83663269
945851.29379643
740781.64566388
837593.56539294
719756.33518752
709596.47321908
745700.68958009
584533.69158764
803714.48973176
749815.30704524
731850.23266364
706266.30278067
671416.0613521
739602.18654505
703873.21864798
828865.56597318
639460.10810012
640353.20202059
641958.54434579
616953.47052217
637344.86063737
611708.93983655
431729.99698018
489683.06507809
475105.03563123
511219.50136654
489930.92529312
473033.41598961
466701.93926939
414029.73273203
481608.97558078
483310.84496395
490060.78968991
493121.71393641
380746.9453686
270577.52213317
330515.8132442
253731.17382373
342809.76729147
310892.14467749
380768.20677269
337112.08039097
352123.30684317
379721.01409774
373892.09878911
346666.96062936
298067.2160916
319188.45247246
310949.36439511
321439.91954487
322776.800378
315702.99017927
292846.91159312
303337.20445513
305707.45120046
266929.46610148
288613.26885248
275236.17303119
305251.56125712
293988.99381038
295300.63571698
406855.389928
432562.03810432
347231.47066125
340560.177901
343030.26417106
392006.64437101
346136.85355834
386519.13717082
274285.90987275
195261.8524329
152088.39580506
191733.12419476
194259.62366656
208826.08246874
230424.869812
232793.40636147
232179.40222685
297831.18449286
396982.63315426
390821.71162508
311597.27014593
405442.36132297
304213.62892451
374344.08612309
321122.60671865
413407.65768185
292272.82773526
299327.55614137
311806.93214053
298088.11542341
434116.83556316
309254.76463742
367471.94249363
363470.08938345
381853.75821744
341452.21905662
376332.24142122
407209.91471736
404607.93406112
372082.39003946
203187.74937959
203837.40757395
155062.58362876
260438.63063313
109669.03310779
144019.28837437
168303.24521068
246564.16061166
77014.935720003
145924.67330997
77106.207547343
76004.466273566
50707.965003038
44601.668062208
64012.789329294
85084.766047656
97829.697017337
45174.458418293
85417.673607786
52704.754499211
132343.73804861
122964.70234971
84354.789360586
104618.16640477
79022.987365503
695815.3715888
715774.25856853
810641.69476588
684091.79325117
620413.27383721
752964.80984883
596397.31405103
670297.36274443
265797.84379438
229616.45496503
287202.79116946
882669.74759746
450456.66655208
298625.14600795
641778.40664172
766532.55308415
640837.11103473
324627.06366713
881172.1311574
266247.54316894
359210.7150836
345625.60806717
246167.04346684
0
433571.05028084
244865.21075026
0
67603.78210448
58443.906656567
7349.3479123388
188930.43876068
205712.45040999
171344.68049668
166283.73889399
168691.03588228
170372.96534311
177831.08580982
115908.68681305
143585.90780434
159393.57109553
142945.34676175
178985.76909038
140771.69186929
91438.310256101
74909.719372211
55288.639062349
68635.087797526
101073.62310566
192035.24210028
174254.05297822
464198.61031289
496302.93040065
445948.95538957
448580.32181308
454479.0165923
416233.48867985
483334.41199884
424069.71524129
446435.22141025
461806.82567061
449873.29507425
291905.52559641
397852.50163902
283324.40978755
295810.31680755
301515.73590378
280967.52069861
295621.72541886
292467.66796041
312433.97349706
470928.28231071
423328.59818693
439752.97826577
453157.24691089
458984.03617894
426189.23089713
430545.41215346
490051.77019054
415603.84072084
414451.52791104
407799.42261921
404521.29792206
527346.31358846
626661.91061406
576612.81770906
645614.19529573
554480.11689445
586405.57162186
522398.02007377
561443.32446915
545098.85156712
517487.26487721
524898.61990882
551579.79925796
608691.68481018
585141.51458656
626492.8309803
603282.42588009
624257.28663062
613386.71934576
631996.46465826
616980.70472301
620583.5066117
705125.58003693
680293.43151094
677107.51708242
670604.00254838
653551.85059056
691197.16033976
583569.55083131
516581.4958718
572090.29109005
569244.41955993
569845.04225583
522521.22845991
569131.83997783
526608.46305356
652911.55854891
728890.41083835
761363.16262078
707248.2421188
754073.18086578
785700.70414738
829321.18717466
664424.60255097
803467.68858699
733794.00238452
785870.58870071
787823.61444205
776933.43501698
781474.30837711
767703.98208914
793137.32404763
791120.37727664
781919.64139048
722855.16265442
742689.62169901
770592.90867419
723038.74346754
788145.57772329
773479.12516105
793554.43951665
855977.84753181
983264.63406062
867581.34981456
863580.27105106
1003172.7255326
875137.12192054
905541.00632573
896167.84504336
827929.58129622
811672.39483279
859988.2014885
888795.45074125
851276.62308201
865330.98954305
886973.27785066
946293.62723158
960372.97704432
966413.38562725
972146.15199307
938795.14637107
941798.49997207
950770.23535781
903166.67633464
850936.91985446
862036.3474379
820299.0858759
844665.17094026
838885.37477876
837513.99225539
839806.99751962
840952.37742634
818187.93683394
511309.96622266
484179.0922242
388852.97330656
401591.85763526
455833.00163677
457194.67908127
498234.5454371
504383.49079927
678539.73654243
938060.27420211
951532.68609709
229805.3577537
462488.56220516
611856.05732236
299505.44454902
482391.48611635
309210.4928485
656200.12071409
294966.76423849
668437.54760644
586845.68309826
563465.44515475
651271.47449369
897208.26832441
479932.61975014
925630.22185368
0
67603.78210448
58443.906656567
7349.3479123388
188930.43876068
205712.45040999
171344.68049668
166283.73889399
168691.03588228
170372.96534311
177831.08580982
115908.68681305
143585.90780434
159393.57109553
142945.34676175
178985.76909038
140771.69186929
91438.310256101
74909.719372211
55288.639062349
68635.087797526
101073.62310566
192035.24210028
174254.05297822
464198.61031289
496302.93040065
445948.95538957
448580.32181308
454479.0165923
416233.48867985
483334.41199884
424069.71524129
446435.22141025
461806.82567061
449873.29507425
291905.52559641
397852.50163902
283324.40978755
295810.31680755
301515.73590378
280967.52069861
295621.72541886
292467.66796041
312433.97349706
470928.28231071
423328.59818693
439752.97826577
453157.24691089
458984.03617894
426189.23089713
430545.41215346
490051.77019054
415603.84072084
414451.52791104
407799.42261921
404521.29792206
527346.31358846
626661.91061406
576612.81770906
645614.19529573
554480.11689445
586405.57162186
522398.02007377
561443.32446915
545098.85156712
517487.26487721
524898.61990882
551579.79925796
608691.68481018
585141.51458656
626492.8309803
603282.42588009
624257.28663062
613386.71934576
631996.46465826
616980.70472301
620583.5066117
705125.58003693
680293.43151094
677107.51708242
670604.00254838
653551.85059056
691197.16033976
583569.55083131
516581.4958718
572090.29109005
569244.41955993
569845.04225583
522521.22845991
569131.83997783
526608.46305356
652911.55854891
728890.41083835
761363.16262078
707248.2421188
754073.18086578
785700.70414738
829321.18717466
664424.60255097
803467.68858699
733794.00238452
785870.58870071
787823.61444205
776933.43501698
781474.30837711
767703.98208914
793137.32404763
791120.37727664
781919.64139048
722855.16265442
742689.62169901
770592.90867419
723038.74346754
788145.57772329
773479.12516105
793554.43951665
855977.84753181
983264.63406062
867581.34981456
863580.27105106
1003172.7255326
875137.12192054
905541.00632573
896167.84504336
827929.58129622
811672.39483279
859988.2014885
888795.45074125
851276.62308201
865330.98954305
886973.27785066
946293.62723158
960372.97704432
966413.38562725
972146.15199307
938795.14637107
941798.49997207
950770.23535781
903166.67633464
850936.91985446
862036.3474379
820299.0858759
844665.17094026
838885.37477876
837513.99225539
839806.99751962
840952.37742634
818187.93683394
511309.96622266
484179.0922242
388852.97330656
401591.85763526
455833.00163677
457194.67908127
498234.5454371
504383.49079927
678539.73654243
938060.27420211
951532.68609709
229805.3577537
462488.56220516
611856.05732236
299505.44454902
482391.48611635
309210.4928485
656200.12071409
294966.76423849
668437.54760644
586845.68309826
563465.44515475
651271.47449369
897208.26832441
479932.61975014
925630.22185368
0
67603.78210448
58443.906656567
7349.3479123388
188930.43876068
205712.45040999
171344.68049668
166283.73889399
168691.03588228
170372.96534311
177831.08580982
115908.68681305
143585.90780434
159393.57109553
142945.34676175
178985.76909038
140771.69186929
91438.310256101
74909.719372211
55288.639062349
68635.087797526
101073.62310566
192035.24210028
174254.05297822
464198.61031289
496302.93040065
445948.95538957
448580.32181308
454479.0165923
416233.48867985
483334.41199884
424069.71524129
446435.22141025
461806.82567061
449873.29507425
291905.52559641
397852.50163902
283324.40978755
295810.31680755
301515.73590378
280967.52069861
295621.72541886
292467.66796041
312433.97349706
470928.28231071
423328.59818693
439752.97826577
453157.24691089
458984.03617894
426189.23089713
430545.41215346
490051.77019054
415603.84072084
414451.52791104
407799.42261921
404521.29792206
527346.31358846
626661.91061406
576612.81770906
645614.19529573
554480.11689445
586405.57162186
522398.02007377
561443.32446915
545098.85156712
517487.26487721
524898.61990882
551579.79925796
608691.68481018
585141.51458656
626492.8309803
603282.42588009
624257.28663062
613386.71934576
631996.46465826
616980.70472301
620583.5066117
705125.58003693
680293.43151094
677107.51708242
670604.00254838
653551.85059056
691197.16033976
583569.55083131
516581.4958718
572090.29109005
569244.41955993
569845.04225583
522521.22845991
569131.83997783
526608.46305356
652911.55854891
728890.41083835
761363.16262078
707248.2421188
754073.18086578
785700.70414738
829321.18717466
664424.60255097
803467.68858699
733794.00238452
785870.58870071
787823.61444205
776933.43501698
781474.30837711
767703.98208914
793137.32404763
791120.37727664
781919.64139048
722855.16265442
742689.62169901
770592.90867419
723038.74346754
788145.57772329
773479.12516105
793554.43951665
855977.84753181
983264.63406062
867581.34981456
863580.27105106
1003172.7255326
875137.12192054
905541.00632573
896167.84504336
827929.58129622
811672.39483279
859988.2014885
888795.45074125
851276.62308201
865330.98954305
886973.27785066
946293.62723158
960372.97704432
966413.38562725
972146.15199307
938795.14637107
941798.49997207
950770.23535781
903166.67633464
850936.91985446
862036.3474379
820299.0858759
844665.17094026
838885.37477876
837513.99225539
839806.99751962
840952.37742634
818187.93683394
511309.96622266
484179.0922242
388852.97330656
401591.85763526
455833.00163677
457194.67908127
498234.5454371
504383.49079927
678539.73654243
938060.27420211
951532.68609709
229805.3577537
462488.56220516
611856.05732236
299505.44454902
482391.48611635
309210.4928485
656200.12071409
294966.76423849
668437.54760644
586845.68309826
563465.44515475
651271.47449369
897208.26832441
479932.61975014
925630.22185368
